72
167
248
218
139
112
174
94
75
238
178
96
200
125
80
29
51
99
177
208
149
133
196
138
87
162
108
17
53
86
62
16
169
141
162
146
25
117
110
103
107
82
134
134
97
187
72
138
41
71
241
125
98
227
92
25
198
144
191
123
107
58
117
159
215
90
49
198
52
95
103
75
84
116
243
174
154
141
158
158
135
50
74
197
164
139
140
178
170
119
137
120
128
45
37
143
190
85
59
121
57
92
76
161
168
143
175
80
127
192
186
73
10
114
52
151
218
164
109
152
89
57
161
43
120
189
52
164
160
124
118
177
114
107
24
103
155
107
163
79
123
72
134
103
118
108
98
176
112
173
143
233
46
218
95
94
176
116
134
89
48
212
222
88
146
199
147
70
113
133
68
20
124
166
93
242
191
145
70
222
234
242
65
177
84
123
140
134
145
135
158
118
178
119
99
193
109
62
96
92
151
189
90
40
99
212
156
91
186
66
153
109
170
169
147
49
78
201
164
135
27
133
150
119
173
112
174
191
122
93
231
179
118
81
105
155
172
172
123
140
206
105
77
207
12
207
53
156
122
182
63
89
110
40
155
140
44
96
152
66
87
138
143
169
133
87
172
162
40
128
112
158
124
143
168
35
86
124
196
88
120
121
92
186
87
50
193
214
74
68
169
227
14
212
112
143
225
6
158
51
117
174
176
102
101
221
131
135
139
214
132
220
95
13
157
100
159
187
147
186
190
129
75
204
85
75
121
168
133
72
111
56
178
207
144
182
148
138
41
167
236
201
141
50
34
56
34
153
87
146
108
41
114
83
124
11
96
83
184
121
122
109
148
98
105
188
176
72
138
176
136
115
138
198
189
23
108
198
133
86
145
54
241
222
131
125
61
99
177
131
228
161
152
68
132
134
39
217
34
14
50
41
119
183
49
138
79
97
133
126
176
34
168
97
157
106
118
191
146
136
163
202
183
75
59
67
71
61
209
52
135
191
163
93
114
233
121
122
210
106
144
114
139
184
191
78
124
174
136
198
106
130
88
135
187
169
152
142
188
122
46
52
73
195
104
181
181
167
166
170
25
161
105
71
113
147
124
193
28
127
130
199
104
183
158
99
40
91
174
169
93
47
118
135
104
143
56
155
63
160
166
8
130
89
127
65
57
159
90
61
40
166
22
114
135
165
145
118
129
182
77
206
105
184
133
126
180
128
89
25
128
129
101
31
186
97
70
145
150
100
49
69
121
170
178
37
132
63
144
201
165
78
77
140
26
114
203
34
110
137
138
206
71
105
212
156
79
224
194
114
87
26
149
98
123
158
148
141
235
172
34
181
46
127
118
191
216
107
136
107
179
130
113
156
119
32
132
253
95
147
114
164
39
169
215
163
25
78
168
224
166
179
201
77
169
118
46
206
155
117
127
241
178
147
163
108
103
93
67
201
133
121
77
121
58
199
123
194
122
123
195
82
114
86
84
149
83
125
73
123
88
46
124
124
199
126
209
176
129
116
154
31
10
134
132
80
182
51
111
155
25
53
107
159
221
178
142
94
103
110
90
67
190
189
151
215
108
132
100
54
51
172
171
93
89
114
130
61
157
107
69
86
58
132
131
208
21
113
113
198
138
119
231
209
167
178
105
161
95
58
81
137
122
25
179
175
145
204
92
110
196
226
157
83
27
88
147
196
77
105
174
56
192
162
150
136
172
140
105
192
104
226
115
121
118
179
125
86
234
67
140
86
178
117
60
146
72
16
14
111
101
161
128
145
107
102
147
163
160
201
72
106
203
63
125
87
66
182
99
167
143
57
68
80
102
178
120
51
145
144
154
98
82
153
92
128
64
126
144
97
224
151
43
144
190
52
128
174
169
125
113
97
48
54
165
167
164
210
140
116
124
149
183
58
125
223
173
154
144
143
90
182
112
64
220
58
78
200
142
96
52
229
114
57
195
51
120
151
228
89
117
21
93
74
90
226
93
105
58
204
109
158
220
201
125
126
175
48
107
227
159
69
127
71
82
177
141
24
118
39
126
217
178
36
134
204
190
149
58
107
96
62
103
83
176
77
153
85
177
91
123
72
180
106
170
108
116
115
121
178
58
81
160
144
154
125
141
192
29
170
114
83
187
179
135
217
97
142
203
77
131
109
138
204
75
230
129
158
123
99
178
181
99
22
84
135
168
91
147
219
146
23
120
191
121
104
83
192
84
221
181
120
83
148
246
183
166
132
116
131
88
146
123
217
157
121
143
170
192
60
35
168
51
97
104
142
66
93
103
142
90
207
106
63
172
82
87
145
31
42
72
185
75
66
200
175
208
134
115
87
168
104
156
138
213
188
222
34
135
86
174
109
117
172
170
122
165
203
79
120
123
188
165
124
53
119
200
93
82
153
133
191
105
112
210
80
143
160
85
92
105
105
51
107
201
115
145
116
57
38
190
83
108
124
147
78
158
168
120
199
144
131
224
143
79
150
149
213
87
68
29
96
60
134
150
105
123
68
86
110
116
172
104
140
190
162
84
144
126
192
95
54
144
175
184
133
157
46
156
189
131
184
203
220
81
216
192
124
114
48
68
79
88
215
49
201
93
119
188
109
114
182
197
125
89
84
85
239
18
148
78
105
81
79
54
147
123
206
110
97
235
94
201
89
133
24
196
121
92
157
125
173
110
162
65
158
51
105
187
83
168
135
230
126
57
200
199
161
115
141
66
98
153
108
128
137
162
145
130
63
158
101
126
142
197
30
184
118
62
154
153
98
165
183
118
85
119
116
186
95
143
121
121
148
210
112
195
35
183
130
84
60
131
187
164
176
138
117
155
45
161
203
97
192
68
66
140
84
167
64
29
122
149
157
100
16
216
109
197
197
107
27
126
120
121
228
45
175
65
100
135
172
195
132
59
132
194
134
9
80
57
130
142
26
119
118
101
207
166
35
143
112
184
132
119
53
131
144
99
99
154
67
230
153
97
105
87
60
202
203
134
107
170
30
151
83
77
44
162
59
236
103
239
86
212
117
147
224
94
62
114
161
33
109
123
58
62
48
63
98
144
97
185
211
50
126
20
85
94
234
93
63
191
187
102
131
110
148
152
169
117
104
178
56
123
93
64
236
132
111
55
98
82
190
91
47
120
210
87
54
158
157
177
82
172
152
48
121
101
221
17
138
157
174
90
57
114
75
91
209
89
93
88
115
137
111
87
151
200
227
173
150
109
179
120
74
97
195
119
232
138
142
68
207
109
177
202
43
162
122
222
94
92
108
80
80
158
47
124
113
53
119
93
48
123
148
95
140
132
137
63
161
176
58
74
145
73
110
156
160
58
108
145
205
106
91
170
128
199
122
231
136
133
72
135
53
135
91
141
166
122
155
114
121
79
70
114
89
57
142
125
131
86
150
121
77
51
147
124
88
107
124
96
201
108
90
131
88
172
174
159
141
92
112
158
159
90
99
100
76
108
163
124
67
99
57
102
78
95
141
123
132
193
129
134
96
117
100
120
132
139
90
125
45
90
207
96
148
53
179
100
40
146
189
164
97
240
154
94
199
115
126
100
103
170
70
169
226
106
64
82
176
214
173
123
222
133
186
98
123
174
21
167
133
128
138
89
136
119
213
163
225
131
2
169
107
47
35
224
91
214
37
155
200
92
135
68
153
121
165
138
108
129
129
168
181
59
152
129
99
128
79
71
132
116
212
171
169
202
129
136
101
130
139
223
83
204
149
131
78
53
104
101
126
62
149
168
122
239
159
101
160
142
191
200
124
160
207
240
41
64
101
58
133
86
115
138
232
68
156
39
125
248
74
148
10
51
183
192
17
91
70
146
118
202
94
165
52
161
113
234
141
99
132
131
46
139
180
156
110
183
75
154
109
119
117
83
129
66
77
132
149
232
160
110
95
207
127
34
159
70
125
138
67
111
138
132
127
99
100
168
106
102
211
199
156
131
153
131
211
237
214
239
217
111
23
123
130
100
93
67
171
124
69
154
98
232
110
129
37
120
122
55
72
203
177
135
190
147
108
134
167
122
64
207
229
28
172
86
216
138
27
97
127
79
156
53
62
211
45
95
92
109
184
120
95
150
127
205
103
109
100
66
75
149
170
125
225
136
168
38
237
124
183
101
90
28
101
91
109
154
95
143
116
213
10
33
185
85
90
130
134
108
111
142
178
102
179
204
125
63
151
112
104
45
123
239
62
96
156
132
18
84
207
96
53
200
113
143
114
20
100
97
96
202
171
64
42
109
47
186
100
42
166
167
111
121
184
122
149
18
140
103
95
43
161
117
90
78
83
140
163
146
97
113
201
41
69
127
102
52
129
127
186
79
63
193
90
185
97
171
166
107
94
146
142
188
97
212
133
154
114
152
51
130
127
169
116
140
128
134
87
134
121
197
115
171
182
36
17
111
71
168
175
126
189
167
66
62
123
171
221
61
142
119
130
33
121
126
232
65
124
52
136
117
111
227
226
82
124
138
34
193
232
52
184
121
87
110
24
92
119
71
82
70
85
72
110
131
196
162
47
172
65
102
121
217
117
60
179
145
69
114
92
140
47
151
194
221
89
77
112
52
192
167
108
111
139
94
79
131
139
213
216
67
224
125
177
176
154
209
139
42
147
119
111
91
142
194
78
19
145
122
51
167
133
70
171
160
116
154
132
215
152
116
147
144
135
89
183
129
108
72
178
87
115
140
97
133
112
90
113
161
119
46
111
102
113
117
128
77
48
229
47
133
77
164
77
170
188
108
130
137
106
145
180
88
42
112
154
114
73
153
214
76
141
57
124
125
170
202
105
62
219
102
142
208
103
230
159
196
100
55
178
185
180
181
34
171
148
102
99
116
145
130
143
216
64
78
180
72
132
129
106
150
183
148
173
221
93
114
162
216
203
197
159
107
133
62
146
216
84
229
111
57
31
178
104
141
172
173
91
226
119
57
111
205
120
188
105
173
148
60
101
171
150
207
101
67
197
96
144
114
219
99
151
71
235
164
189
220
155
183
89
80
121
205
88
134
96
115
119
157
165
173
132
168
176
147
93
154
14
83
153
148
174
116
170
120
70
46
43
100
177
88
221
87
78
76
110
100
90
187
83
89
84
101
80
76
188
131
146
119
126
67
158
130
232
121
107
79
75
56
120
142
34
63
101
126
124
74
91
133
131
113
202
32
111
161
84
149
187
148
133
126
79
142
135
94
140
107
138
101
92
226
41
144
62
120
185
48
49
171
69
172
212
161
156
82
127
17
157
126
199
138
94
132
114
57
172
122
118
91
27
123
91
52
40
63
154
106
126
129
17
153
146
186
176
142
179
80
138
122
168
155
132
181
102
234
101
166
145
116
223
119
128
155
77
190
80
179
209
71
154
25
41
114
146
110
228
127
167
114
43
101
124
65
123
128
45
136
210
123
92
72
72
40
92
222
62
124
198
140
56
75
24
165
200
56
130
102
192
44
155
38
57
142
89
187
152
104
212
131
166
186
188
109
161
155
150
151
212
207
177
177
133
108
153
112
172
98
70
223
91
29
165
57
75
161
134
73
94
96
30
49
236
164
212
147
112
153
222
144
86
160
118
226
145
70
133
115
125
159
150
124
93
22
99
87
75
135
93
145
166
150
185
152
150
123
226
173
128
109
93
142
183
92
122
115
55
63
134
152
128
75
133
149
46
90
186
165
114
119
105
128
109
139
137
138
58
231
192
182
122
109
110
159
22
71
114
152
121
71
193
127
34
45
221
203
104
134
195
176
173
75
176
123
129
24
149
56
247
148
58
160
138
115
62
162
140
135
74
89
62
8
128
125
150
65
91
119
121
174
127
24
55
185
154
64
116
148
122
223
149
91
108
208
173
144
72
49
65
116
119
164
100
90
69
97
205
70
129
154
144
77
77
83
219
90
227
175
40
161
55
58
177
176
145
84
104
116
145
44
127
176
117
172
101
132
194
146
185
161
129
229
137
143
19
123
59
110
142
200
218
127
134
12
209
123
156
54
174
59
124
78
227
98
75
79
105
62
92
33
111
121
104
170
103
75
149
141
208
221
147
189
117
102
55
121
147
156
148
141
167
81
108
177
190
203
173
199
118
119
156
70
85
160
36
85
128
123
117
147
47
128
106
130
96
128
219
33
162
146
105
132
128
71
167
164
60
45
87
113
153
47
178
158
147
150
18
86
157
122
113
141
52
62
98
189
28
98
174
165
179
47
200
74
28
157
91
173
230
141
13
183
41
120
157
139
204
137
193
118
18
101
55
111
232
90
65
152
163
51
34
125
122
119
203
146
123
197
118
202
170
79
174
71
114
134
50
119
122
216
85
31
79
115
138
32
211
154
199
78
76
64
72
163
31
131
217
45
127
104
79
184
112
159
37
100
179
105
86
57
121
90
87
118
152
82
225
134
198
124
133
206
133
166
182
200
147
117
156
187
70
152
136
116
182
180
73
101
172
36
236
132
123
101
96
61
166
199
102
247
157
73
159
167
180
40
170
148
40
45
148
160
59
211
140
48
105
130
145
200
111
90
159
48
89
57
202
146
178
26
171
90
172
145
119
127
194
105
65
155
121
122
159
187
117
130
152
168
34
132
139
113
86
44
111
164
14
157
174
121
40
190
72
127
154
124
121
112
195
217
84
139
158
130
123
106
239
85
146
28
201
206
128
132
75
230
212
115
147
177
105
163
199
129
198
123
176
69
122
102
152
86
184
74
184
68
153
108
91
39
133
171
93
223
162
151
139
145
176
130
89
126
40
71
74
30
136
127
43
56
31
122
172
105
105
51
164
40
140
200
213
153
168
55
113
146
182
181
25
51
124
183
136
111
72
94
150
238
136
131
13
124
154
150
66
168
34
97
65
185
120
153
135
70
166
115
87
111
145
159
67
140
169
138
47
103
212
55
130
92
192
94
184
132
76
17
100
112
132
107
175
85
204
208
122
122
118
198
157
98
223
116
137
203
79
52
122
123
133
144
106
174
82
128
175
76
79
77
142
98
66
94
144
125
151
144
128
92
45
53
178
102
43
221
197
153
199
172
194
110
169
87
184
118
131
60
30
185
206
133
200
132
135
97
213
151
194
34
148
201
62
198
162
168
130
119
190
77
46
123
113
123
115
151
176
145
97
196
203
108
141
145
96
131
128
139
131
150
157
112
136
182
212
221
99
103
167
173
202
136
169
53
139
158
227
105
138
199
150
112
107
91
194
149
43
74
171
115
52
84
26
125
89
117
109
90
56
101
47
121
146
169
51
113
168
128
124
88
188
70
173
116
71
209
86
82
127
162
146
155
73
111
139
158
8
109
119
140
53
182
153
229
117
68
140
60
110
151
108
69
139
35
132
179
134
63
100
51
167
90
201
125
186
180
185
148
157
187
96
214
75
121
45
121
149
123
218
153
124
46
185
109
116
106
138
173
201
125
77
196
194
59
168
37
148
77
143
150
77
74
53
164
160
103
145
191
95
107
202
23
91
159
143
223
169
172
163
80
108
161
93
83
87
182
199
115
35
136
67
138
140
61
131
228
182
103
226
67
106
77
56
78
86
137
50
126
187
104
187
153
206
129
179
219
55
65
107
196
88
202
201
67
248
55
113
168
200
225
231
12
97
127
87
127
124
52
143
71
154
53
64
190
120
127
88
112
75
128
31
75
68
100
102
84
162
119
89
101
80
163
98
84
117
200
70
169
131
207
50
212
31
41
130
68
108
102
116
110
129
119
70
194
168
158
41
169
64
58
90
128
95
127
154
54
31
211
199
152
154
188
44
124
177
160
182
188
129
99
170
168
191
32
132
98
114
76
127
122
129
175
175
63
159
199
179
133
102
102
96
114
98
216
135
132
224
50
25
196
140
126
116
158
35
181
199
62
103
132
99
105
54
79
125
122
151
189
237
224
210
133
57
52
92
129
185
125
119
49
217
114
149
121
124
140
226
97
214
182
71
107
155
227
174
121
178
118
148
196
186
90
93
60
76
95
36
136
35
195
114
70
42
94
155
194
100
229
75
109
134
157
8
99
129
231
93
130
225
191
115
69
145
146
64
101
62
107
153
100
102
130
115
194
214
195
117
148
172
220
153
53
191
145
94
103
179
128
97
116
191
115
57
46
170
204
62
141
146
201
6
47
140
88
116
150
117
209
140
144
123
100
89
169
130
87
30
68
184
129
92
209
154
131
148
71
106
195
144
160
90
149
248
148
107
206
165
26
45
209
42
83
182
192
119
202
76
196
173
103
95
97
192
174
138
176
138
59
132
121
88
80
30
99
88
93
114
165
171
146
78
220
185
139
134
179
66
126
139
30
156
139
171
53
126
126
132
32
101
108
42
77
150
62
29
117
80
185
171
187
175
114
134
91
56
208
90
80
217
140
100
161
124
153
187
78
129
144
205
108
172
97
84
121
179
149
127
190
129
150
48
161
158
50
22
99
85
186
105
199
169
174
132
31
72
70
147
28
139
136
95
87
33
79
192
33
102
141
55
110
218
104
142
11
79
181
119
93
152
21
54
196
119
122
119
158
142
170
134
39
73
118
91
76
112
70
137
189
87
152
154
139
64
181
109
142
44
98
208
110
127
105
194
116
207
89
197
139
149
190
144
162
75
182
171
86
219
40
207
169
42
139
89
95
202
90
220
144
124
53
102
70
188
90
132
174
119
136
194
168
128
98
113
127
173
135
59
215
174
125
166
204
88
88
191
27
116
24
98
204
63
164
149
107
159
105
136
94
132
118
177
110
135
134
142
114
26
202
132
92
138
99
108
109
115
38
102
60
20
201
144
108
196
202
94
230
102
244
134
188
183
136
105
125
9
147
247
179
47
127
157
103
51
208
183
164
91
135
106
45
72
124
184
118
167
223
221
195
165
188
140
71
127
158
78
78
134
199
109
154
54
211
186
142
150
55
159
132
62
122
113
140
142
179
140
136
185
70
94
77
155
152
109
202
65
169
144
29
133
138
144
76
224
54
90
180
121
34
91
139
44
65
92
196
160
115
91
106
60
117
140
117
105
221
119
82
14
82
99
77
96
44
233
113
159
174
138
35
173
42
99
58
138
214
148
106
214
34
22
89
116
210
158
91
121
234
125
200
161
102
189
164
90
72
212
150
163
57
223
127
139
176
136
129
146
92
170
86
193
110
66
209
238
144
143
161
116
156
60
25
119
152
231
159
136
49
139
160
125
185
185
162
31
29
71
171
29
98
165
158
137
112
203
128
51
81
134
140
157
131
80
165
221
225
125
178
74
140
37
208
192
189
136
102
100
140
131
155
165
94
120
34
46
74
182
