72.000000
167.000000
248.000000
218.000000
139.000000
112.000000
174.000000
94.000000
75.000000
238.000000
178.000000
96.000000
200.000000
125.000000
80.000000
29.000000
51.000000
99.000000
177.000000
208.000000
149.000000
133.000000
196.000000
138.000000
87.000000
162.000000
108.000000
17.000000
53.000000
86.000000
62.000000
16.000000
169.000000
141.000000
162.000000
146.000000
25.000000
117.000000
110.000000
103.000000
107.000000
82.000000
134.000000
134.000000
97.000000
187.000000
72.000000
